0.000114889705882353
0.000344669117647059
0.000804227941176471
0.00172334558823529
0.00356158088235294
0.00723805147058824
0.0145909926470588
0.029296875
0.0587086397058824
0.117532169117647
0.235179227941176
0.470473345588235
0.941061580882353
1.88223805147059
3.76459099264706
7.529296875
15.0587086397059
30.1175321691176
60.2351792279412
120.470473345588
240.941061580882
481.882238051471
963.764590992647
1927.529296875
3855.05870863972
7710.11753216913
15420.235179228
30840.4704733456
61680.9410615809
123361.882238052
246723.764590993
493447.529296875
